0000000000000000000000000000000000000000000000000000000000000000000000000000000000000000000000000
0000000000000000000000000000000000000000000000000000000000000000000000000000000000000000000000000
0000000000000000000000000000000000000000000000000000000000000000000000000000000000000000000000000
0000000000000000000000000000000000000000000000000000000000000000000000000000000000000000000000000
0000000000000000000000000000000000000000000000000000000000000000000000000000000000000000000000000
0000000000000000000000000000000000000000000000000000000000000000000000000000000000000000000000000
0000000000000000000000000000000000000000000000000000000000000000000000000000000000000000000000000
0000000000000000000000000000000000000000000000000000000000000000000000000000000000000000000000000
0000000000000000000000000000000000000000000000000000000000000000000000000000000000000000000000000
0000000000000000000000000000000000000000000000000000000000000000000000000000000000000000000000000
0000000000000000000000000000000000000000000000000000000000000000000000000000000000000000000000000
0000000000000000000000000000000000000000000000000000000000000000000000000000000000000000000000000
0000000000000000000000000000000000000000000000000000000000000000000000000000000000000000000000000
0000000000000000000000000000000000000000000000000000000000000000000000000000000000000000000000000
0000000000000000000000000000000000000000000000000000000000000000000000000000000000000000000000000
0000000000000000000000000000000000000000000000000000000000000000000000000000000000000000000000000
0000000000000000000000000000000000000000000000000000000000000000000000000000000000000000000000000
0000000000000000000000000000000000000000000000000000000000000000000000000000000000000000000000000
0000000000000000000000000000000000000000000000000000000000000000000000000000000000000000000000000
0000000000000000000000000000000000000000000000000000000000000000000000000000000000000000000000000
0000000000000000000000000000000000000000000000000000000000000000000000000000000000000000000000000
0000000000000000000000000000000000000000000000000000000000000000000000000000000000000000000000000
0000000000000000000000000000000000000000000000000000000000000000000000000000000000000000000000000
0000000000000000000000000000000000000000000000000000000000000000000000000000000000000000000000000
0000000000000000000000000000000000000000000000000000000000000000000000000000000005000000000222222
0000000000000000000000000000000000000000000000000000000000000000000000000000000050000000000222222
0000000000000000000000000000000000000000000000000000000000000000000000000000000500000000000222222
0000000000000000000000000000000000000000000000000000000000000000000000000000005000000000000222222
0000000000000000000000000000000000000000000000000000000000000000000000000000050000000000000000000
0000000000000000000000000000000000000000000000000000000000000000000000000000500000000000000000000
0000000000000000000000000000000000000000000000000000000000000000000000000005000002220000000002220
0000000000000000000000000000000000000000000000000000000000000000000000000050000000000000000000000
0000000000000000000000000000000000000000000000000000000000000000000000000500000000000000000000000
0000000000000000000000000000000000000000000000000000000000000000000000005000000000000000000000000
0000000000000000000000000000000000000000000000000000000000000000000000050000000000000000000000000
0000000000000000000000000000000000000000000000000000000000000000000000500000000000000000000000000
0000000000000000000000000000000000000000000000000000000000000000000005000000000000000222000000000
0000000000000000000000000000000000000000000000000000000000000000000050000002220000000000000000000
0000000000000000000000000000000000000000000000000000000000000000000500000000000000000000000000000
0000000000000000000000000000000000000000000000000000000000000000005000000000000000000000000000000
0000000000000000000000000000000000000000000000000000000000000000050000000000000000000000000222000
0000000000000000000000000000000000000000000000000000000000000000500000000000000000000000000000000
0000000000000000000000000000000000000000000000000000000000000005000000000000000000000000000000000
0000000000000000000000000000000000000000000000000000000000000050000000000000000000000000000000000
0000000000000000000000000000000000000000000000000000000000000500000000000000000022200000000000222
0000000000000000000000000000000000000000000000000000000000005000000022200000000000000000000000000
0000000000000000000000000000000000000000000000000000000000050000000000000000000000000000000000000
0000000000000000000000000000000000000000000000000000000000500000000000000000000000000000000000000
0000000000000000000000000000000000000000000000000000000005000000000000000000000000000000000000000
0000000000000000000000000000000000000000000000000000000050000000000000000000000000000000000000000
0000000000000000000000000000000000000000000000000000000500002220000022200000000022200000000000000
0000000000000000000000000000000000000000000000000000005000000000000000000000000000000000000002220
0000000000000000000000000000000000000000000000000000050000000000000000000000000000000000000000000
0000000000000000000000000000000000000000000000000000500000000000000000000000000000000000000000000
0000000000000000000000000000000000000000000000000005000000000000000000000000000000000000000000000
0000000000000000000000000000000000000000000000000050000000002220000000000022200000000022200000000
0000000000000000000000000000000000000000000000000500000000000000000000000000000000000000000000000
0000000000000000000000000000000000000000000000005000000000000000000000000000000000000000000000000
0000000000000000000000000000000000000000000000050000002220000000000000000000000000000000000000000
0000000000000000000000000000000000000010000000500000000000000000002220000000000022200000000000222
0000000000000000000000000000000000000010000005000000000000000000000000000000000000000000000000000
0000000000000000000000000000000000000010000050000000000000000000000000000000000000000000000000000
0000000000000000000000000000000001000010000500000000000000000000000000000000000000000000000000000
0000000000000000000000000000000000000010005000000222000000002220000000000000000000000000000022200
0000000000000000000000000000000000000010050000000000000000000000000000222000000000022200000000000
0000000000000000000005555555500000000010000000000000000000000000000000000000000000000000000000000
0000000000000000000000000000000000000010000000000000000000000000000000000000000000000000000000000
0000000000000000000000000000033333333110000000000000000000000000000000000000000000000000000000000
0000000000022221222200000000033333333000000000000000000000000111111111111111411111111111111000000
0000000010000000000000000000033333333000000000000000000000000000000000000001110000000000000000000
0000000000000000000000000000000000000000000000000000000000000000000000000000000000000000000000000
0000010000000000000000000000000000000000000000000000000000000000000000000000000000000000000000000
0000000000000000000000000000000000000000000000000000000000000000000000000000000000000000000000000
0000000000000000000000000000000000000000000000000000000000000000000000000000000000000000000000000
0111000000000000000000000000000000000000000000000000000000000000000000000000000000000000000000000